
 ID     SSSSSSSS.mmmuuun  CH AMP
  1        1.1700222   2  36
  1        1.5532528   2  37
  1        1.6868740   2  36
  1        1.7365880   2  37
  1        1.9199902   2  37
  1        1.9535458   2  35
  1        2.0033415   2  37
  1        2.0533425   2  36
  1        2.0867910   2  38
  1        2.1701685   2  35
  1        2.2033718   2  38
  1        2.3201282   2  36
  1        2.3704185   2  37
  1        2.4201217   2  36
  1        2.4537655   2  37
  1        2.4701710   2  37
  1        2.4868053   2  38
  1        2.5368172   2  36
  1        2.5701500   2  37
  1        2.6037853   2  36
  1        2.6202340   2  36
  1        2.6534932   2  36
  1        2.6869187   2  36
  1        2.7035490   2  37
  1        2.7535633   2  37
  1        2.7702955   2  37
  1        2.8120863   2  38
  1        2.8536068   2  37
  1        2.8871877   2  37
  1        2.9035860   2  37
  1        2.9537158   2  35
  1        3.1539455   2  35
  1        3.3369702   2  36
  1        3.4703798   2  37
  1        3.5373168   2  37
  1        3.5872377   2  35
  1        3.6870552   2  36
  1        3.7370550   2  37
  1        3.7704240   2  36
  1        3.7870842   2  35
  1        3.8204177   2  35
  1        3.8370670   2  38
  1        3.8537925   2  37
  1        3.8704360   2  36
  1        3.9037790   2  36
  1        3.9371157   2  37
  1        3.9704778   2  35
  1        3.9871680   2  36
  1        4.0538102   2  35
  1        4.1041190   2  36
  1        4.2207755   2  37
  1        4.2704962   2  35
  1        4.3375058   2  35
  1        4.4705850   2  36
  1        4.7039408   2  38
  1        4.7874075   2  37
  1        4.8709108   2  35
  1        5.2710133   2  35
  1        5.5541215   2  35
  1        5.6708587   2  38
  1        5.7708440   2  38
  1        5.8711135   2  38
  1        5.8875185   2  36
  1        5.9209977   2  35
  1        5.9375158   2  37
  1        5.9878435   2  35
  1        6.0209113   2  37
  1        6.0708887   2  36
  1        6.0875933   2  37
  1        6.7212855   2  36
  1        6.7546570   2  36
  1        7.1213035   2  38
  1        7.1377672   2  37
  1        7.1878668   2  37
  1        7.2046398   2  37
  1        7.4046860   2  38
  1       32.7801245   2  40
  1       33.0634292   2  40
  1       38.5658017   2  62
  1       38.5658017   3  55
  1       38.5658017   4  40
  1       38.5658017   5  57
  1       38.5658020   6  36
  1       38.5808215   2  64
  1       38.5808215   3  57
  1       38.5808215   4  41
  1       38.5808215   5  61
  1       38.5808215   6  42
  1       38.5808217   1  35
  1       38.5896905   2  62
  1       38.5896905   3  55
  1       38.5896908   4  37
  1       38.5896908   6  42
  1       38.5979785   2  65
  1       38.5979785   3  58
  1       38.5979785   4  43
  1       38.5979785   6  43
  1       38.5979788   1  35
  1       38.6059525   2  63
  1       38.6059525   3  55
  1       38.6059525   4  41
  1       38.6059525   6  42
  1       38.6151188   2  62
  1       38.6151188   3  55
  1       38.6151188   4  42
  1       38.6151188   6  42
  1       38.6223685   2  61
  1       38.6223685   3  54
  1       38.6223685   4  40
  1       38.6223688   6  41
  1       38.6318055   2  64
  1       38.6318055   3  58
  1       38.6318055   4  43
  1       38.6318057   6  43
  1       38.6337268   5  56
  1       38.6482255   2  65
  1       38.6482255   3  57
  1       38.6482255   4  45
  1       38.6482255   5  61
  1       38.6482255   6  43
  1       38.6651770   2  67
  1       38.6651770   3  59
  1       38.6651770   4  45
  1       38.6651770   5  59
  1       38.6651770   6  45
  1       38.6813152   2  64
  1       38.6813152   3  57
  1       38.6813152   5  57
  1       38.6813155   4  44
  1       38.6813155   6  44
  1       38.6895800   2  62
  1       38.6895800   3  54
  1       38.6895800   6  42
  1       38.6895802   4  40
  1       38.6974485   2  62
  1       38.6974485   3  55
  1       38.6974485   4  42
  1       38.6974485   6  42
  1       38.7123920   3  66
  1       38.7123920   4  62
  1       38.7123920   5  57
  1       38.7123923   1  36
  1       38.7123923   2  74
  1       38.7123923   6  49
  1       38.7240233   2  62
  1       38.7240233   3  57
  1       38.7240233   6  45
  1       38.7268828   5  53
  1       38.7294260   2  69
  1       38.7294260   3  67
  1       38.7294263   6  60
  1       38.7304873   1  44
  1       38.7309355   5  53
  1       38.7353933   1  39
  1       38.7402887   3  62
  1       38.7402890   2  65
  1       38.7437400   1  36
  1       38.7487948   2  69
  1       38.7487948   3  61
  1       38.7520920   1  36
  1       38.7569440   3  55
  1       38.7569442   2  59
  1       38.7607223   1  35
  1       38.7628307   2  67
  1       38.7628307   3  61
  1       38.7661963   5  54
  1       38.7682040   1  35
  1       38.7780385   1  37
  1       38.7807255   2  69
  1       38.7807255   3  56
  1       38.7869950   1  35
  1       38.7890225   6  52
  1       38.7899187   2  60
  1       38.7899187   3  53
  1       38.7948942   1  40
  1       38.7967347   6  52
  1       38.7973128   2  66
  1       38.7973128   3  59
  1       38.8030930   1  37
  1       38.8176208   2  61
  1       38.8176208   3  55
  1       38.8461390   6  48
  1       38.8495250   2  59
  1       38.8495250   3  53
  1       38.8704228   6  48
  1       38.8847908   4  50
  1       38.9123325   6  40
  1       38.9177327   4  47
  1       38.9204398   6  45
  1       38.9286618   6  46
  1       38.9428130   4  46
  1       38.9450885   6  46
  1       38.9679345   4  44
  1       38.9703382   6  44
  1       38.9754845   4  44
  1       38.9787520   6  46
  1       38.9923298   4  45
  1       39.0125235   6  47
  1       39.0178915   4  47
  1       39.0327875   5  50
  1       39.0511318   4  43
  1       39.0537682   6  46
  1       39.0675138   4  46
  1       39.0719647   5  49
  1       39.0844775   5  49
  1       39.0951260   6  45
  1       39.1012293   5  51
  1       39.1089542   4  42
  1       39.1169517   4  45
  1       39.1202695   6  45
  1       39.1220962   5  50
  1       39.1384475   5  51
  1       39.1420063   4  44
  1       39.1504048   4  44
  1       39.1619485   6  43
  1       39.1701185   6  45
  1       39.1785795   6  43
  1       39.1867127   6  44
  1       39.2090387   4  43
  1       39.2282650   6  45
  1       39.2339310   4  45
  1       39.2450440   6  44
  1       39.2513190   4  43
  1       39.2572135   5  51
  1       39.2621467   6  46
  1       39.2758055   4  46
  1       39.3007418   4  47
  1       39.3033465   6  46
  1       39.3287498   6  46
  1       39.3302583   5  52
  1       39.3471660   5  49
  1       39.3590577   4  45
  1       39.3635412   5  51
  1       39.3672975   4  42
  1       39.3755225   4  45
  1       39.3801762   5  50
  1       39.3841080   4  46
  1       39.3931222   5  51
  1       39.4010875   4  45
  1       39.4036573   6  45
  1       39.4283440   6  45
  1       39.4424183   4  47
  1       39.4699963   6  46
  1       39.4799990   5  49
  1       39.4920340   5  51
  1       39.4926230   4  45
  1       39.5037093   6  47
  1       39.5117315   6  41
  1       39.5132515   5  49
  1       39.5202727   6  45
  1       39.5238505   5  51
  1       39.5255000   4  46
  1       39.5510160   4  46
  1       39.5612340   6  41
  1       39.5696600   6  46
  1       39.5844745   4  47
  1       39.6201500   6  45
  1       39.6280845   6  47
  1       39.6423805   4  46
  1       39.6589603   4  47
  1       39.6613582   6  47
  1       39.6803332   5  49
  1       39.6965788   5  52
  1       39.6971465   6  43
  1       39.7113668   6  45
  1       39.7260620   4  47
  1       39.7532205   6  45
  1       39.7592733   4  46
  1       39.7672640   4  44
  1       39.7760685   4  44
  1       39.7840195   4  47
  1       39.8107865   6  45
  1       39.8426268   4  47
  1       39.8444707   6  44
  1       39.8454250   3  45
  1       39.8517240   2  56
  1       39.8530432   6  45
  1       39.8616625   6  43
  1       39.8698595   6  43
  1       39.8777615   6  43
  1       39.8829350   5  47
  1       39.8945358   6  45
  1       39.8965832   5  49
  1       39.9035450   6  45
  1       39.9091790   4  46
  1       39.9112595   6  45
  1       39.9132905   5  50
  1       39.9266207   3  45
  1       39.9300733   5  51
  1       39.9427190   3  45
  1       39.9468063   5  48
  1       39.9593323   3  46
  1       39.9632638   5  51
  1       39.9751077   4  45
  1       39.9756388   3  45
  1       39.9791755   6  44
  1       39.9799202   5  59
  1       39.9835670   4  43
  1       39.9864192   6  46
  1       39.9915377   3  45
  1       39.9918528   4  44
  1       39.9947855   6  46
  1       39.9965725   5  52
  1       40.0082302   3  45
  1       40.0087020   4  44
  1       40.0116223   6  44
  1       40.0132093   5  50
  1       40.0168220   4  44
  1       40.0200855   6  44
  1       40.0253937   3  45
  1       40.0279623   4  45
  1       40.0299320   5  52
  1       40.0364423   6  47
  1       40.0420492   3  45
  1       40.0465912   5  50
  1       40.0535645   4  45
  1       40.0593745   3  45
  1       40.0631370   5  49
  1       40.0755932   4  45
  1       40.0761965   3  47
  1       40.0800938   5  51
  1       40.0965660   5  50
  1       40.1192858   6  45
  1       40.1239680   5  51
  1       40.1254797   3  47
  1       40.1277655   4  44
  1       40.1367875   6  47
  1       40.1752373   4  45
  1       40.2166930   4  50
  1       40.2195635   6  44
  1       40.2364077   6  45
  1       40.2443398   6  46
  1       40.2617250   6  43
  1       40.2690952   6  44
  1       40.2777275   6  44
  1       40.2863502   6  43
  1       40.2949925   6  42
  1       40.3032860   6  45
  1       40.3104207   3  48
  1       40.3171252   4  47
  1       40.3320245   5  51
  1       40.3364155   6  44
  1       40.3421758   4  47
  1       40.3445038   6  45
  1       40.3652632   5  50
  1       40.3673735   4  51
  1       40.3782558   6  47
  1       40.4024920   6  47
  1       40.4148430   5  49
  1       40.4201090   6  45
  1       40.4377002   5  49
  1       40.4548408   5  49
  1       40.4708315   6  43
  1       40.4780327   6  44
  1       40.4856378   3  48
  1       40.4864283   6  44
  1       40.4940383   3  48
  1       40.4944450   6  42
  1       40.5028602   6  44
  1       40.5067067   5  49
  1       40.5114205   6  46
  1       40.5198752   6  45
  1       40.5208455   5  49
  1       40.5273900   6  44
  1       40.5358095   3  47
  1       40.5363160   6  43
  1       40.5403242   5  47
  1       40.5441478   6  44
  1       40.5525903   6  46
  1       40.5579910   3  46
  1       40.5611580   6  43
  1       40.5675283   3  45
  1       40.5692752   6  44
  1       40.5747808   2  48
  1       40.5747808   3  45
  1       40.5795497   6  43
  1       40.5841728   3  44
  1       40.5841730   2  47
  1       40.5914555   3  46
  1       40.5914558   2  48
  1       40.5947140   6  40
  1       42.0929875   2  40
  1       42.5426707   2  40
  1       43.1089435   2  40
  1       48.7211925   2  40
  1       50.4696553   2  41
  1       50.8360010   2  41
  1       55.7985200   2  40
  1       55.9983523   2  40
  1       60.5114690   2  40
  1       60.5947382   2  41
